63745
63769
63852
63690
63764
63759
63770
63688
63740
63749
63753
63754
63857
63668
63854
63691
63757
63674
63732
63729
63635
63623
63666
63600
63588
63563
63562
63624
63571
63585
63572
63586
63569
63617
63609
63618
63567
63599
63591
63584
63527
63541
63513
63535
63495
63503
63490
63525
63498
63508
63499
63517
63549
63491
63552
63548
63543
63493
63538
63560
63440
63453
63458
63487
63450
63416
63449
63451
63419
63427
63471
63446
63462
63412
63441
63445
63460
63423
63421
63418
63371
63330
63372
63332
63350
63407
63362
63369
63334
63410
63376
63382
63367
63355
63346
63380
63411
63348
63340
63329
63288
63297
63240
63294
63229
63274
63222
63244
63234
63237
63212
63275
63281
63316
63295
63309
63292
63303
63302
63233
63184
63068
63088
63123
63173
63179
63157
63200
63183
63145
63199
63084
63143
63176
63133
63204
63208
63194
63180
63210
63070
63061
63007
63069
63004
62999
62984
63053
62997
63032
62992
63058
63033
63001
62998
63054
63021
63050
62991
63034
62969
62948
62924
62971
62961
62953
62937
62974
62975
62965
62982
62931
62936
62966
62970
62963
62949
62967
62964
62930
62861
62843
62891
62871
62923
62851
62847
62870
62875
62853
62888
62892
62862
62917
62867
62854
62915
62835
62834
62860
62812
62754
62776
62698
62833
62762
62718
62701
62767
62693
62734
62735
62710
62744
62692
62726
62732
62832
62800
62763
62639
62641
62640
62609
62597
62650
62621
62604
62592
62691
62679
62636
62611
62626
62657
62642
62646
62645
62633
62672
62401
62585
62405
62404
62559
62547
62411
62551
62412
62553
62558
62562
62418
62423
62431
62565
62523
62578
62408
62582
62392
62388
62295
62314
62325
62309
62366
62376
62375
62293
62377
62370
62322
62327
62334
62326
62299
62294
62373
62372
62175
62251
62237
62249
62225
62289
62285
62227
62254
62269
62163
62161
62244
62248
62228
62250
62160
62287
62240
62277
62107
62105
62103
62139
62135
62126
62137
62108
62106
62144
62124
62143
62096
62101
62146
62092
62140
62149
62127
62145
62066
62060
62046
62079
62045
62084
62016
62040
62015
62073
62081
62038
62039
62010
62090
62006
62080
62047
62078
62049
61953
61936
61941
61933
62005
61996
61997
61909
61937
61943
61942
61988
61938
61986
61929
61919
61963
62003
61991
61930
61891
61886
61899
61885
61887
61882
61896
61890
61898
61904
61895
61884
61888
61900
61889
61903
61902
61893
61901
61883
61806
61802
61799
61858
61880
61792
61803
61870
61875
61879
61839
61850
61881
61871
61837
61782
61847
61819
61789
61876
61715
61761
61703
61720
61775
61714
61704
61768
61756
61718
61706
61729
61716
61762
61771
61726
61719
61770
61759
61779
61561
61559
61586
61578
61631
61692
61641
61643
61551
61642
61648
61702
61640
61560
61548
61546
61576
61682
61603
61698
61513
61542
61480
61536
61467
61540
61486
61477
61514
61500
61503
61515
61541
61456
61537
61478
61475
61521
61505
61517
61418
61424
61443
61414
61415
61425
61452
61430
61449
61436
61432
61435
61450
61442
61431
61426
61440
61455
61448
61451
61373
61351
61349
61397
61348
61384
61388
61391
61387
61394
61405
61393
61386
61367
61340
61392
61390
61374
61352
61359
61285
61276
61326
61313
61280
61291
61336
61308
61278
61203
61284
61311
61301
61283
61198
61194
61316
61277
61300
61201
61177
61072
61083
61179
61095
61057
61044
61094
61174
61105
61180
61056
61042
61189
61058
61107
61053
61092
61096
61041
60961
60981
60946
60971
60922
60995
60948
60912
60962
60913
60896
60974
60982
60907
61036
61001
60920
60964
61039
60980
60857
60846
60852
60859
60874
60858
60850
60881
60849
60836
60856
60886
60897
60840
60860
60894
60862
60855
60869
60866
60834
60747
60736
60750
60825
60754
60832
60758
60733
60812
60741
60818
60798
60753
60797
60737
60756
60795
60745
60768
60676
60639
60671
60720
60672
60651
60661
60677
60680
60664
60710
60670
60712
60706
60675
60657
60707
60682
60674
60679
60577
60565
60596
60547
60543
60597
60632
60583
60574
60538
60573
60630
60572
60561
60555
60545
60535
60586
60575
60564
60519
60527
60506
60410
60424
60493
60529
60412
60476
60500
60512
60526
60528
60425
60518
60485
60413
60490
60511
60478
60393
60396
60384
60344
60378
60359
60386
60381
60389
60385
60369
60347
60380
60349
60366
60360
60390
60362
60370
60367
60305
60254
60303
60265
60273
60308
60278
60331
60322
60338
60286
60301
60309
60259
60264
60275
60324
60345
60256
60316
60215
60244
60159
60246
60223
60171
60249
60222
60253
60195
60247
60217
60160
60205
60218
60221
60158
60164
60245
60250
60055
60100
60118
60052
60094
60096
60116
60146
60152
60104
60148
60070
60065
60109
60073
60095
60106
60113
60142
60145
59930
60031
59913
59900
59888
59938
59980
59902
59929
59921
59894
59933
59884
59914
59906
59955
59981
60002
59978
59927
59827
59815
59865
59842
59818
59829
59836
59821
59817
59849
59830
59863
59828
59806
59873
59872
59864
59844
59793
59816
59716
59756
59746
59714
59738
59719
59786
59742
59708
59750
59757
59717
59790
59752
59775
59763
59764
59713
59769
59718
59629
59696
59694
59663
59646
59679
59691
59693
59699
59628
59660
59671
59690
59648
59623
59647
59683
59692
59675
59680
59618
59519
59513
59478
59518
59457
59500
59454
59524
59455
59533
59484
59528
59525
59531
59530
59512
59514
59515
59463
59374
59392
59363
59401
59352
59391
59416
59353
59405
59398
59373
59442
59431
59359
59371
59397
59400
59390
59399
59388
59290
59346
59287
59319
59301
59312
59272
59292
59262
59323
59278
59337
59279
59293
59314
59315
59276
59349
59260
59311
59201
59164
59171
59143
59190
59259
59130
59216
59131
59221
59180
59124
59186
59203
59162
59174
59157
59146
59152
59125
59116
59075
59032
59096
59055
59081
59016
59074
59083
59033
59084
59120
59119
59091
59109
59057
59031
59043
59029
59047
59006
58972
58904
58977
58924
58895
58902
59013
58922
58889
58929
58880
58887
58894
59003
58879
58973
58935
58945
58885
58852
58818
58842
58854
58794
58839
58776
58772
58825
58831
58872
58853
58848
58806
58858
58792
58800
58868
58770
58807
58709
58713
58693
58733
58757
58671
58684
58701
58662
58695
58748
58737
58714
58712
58702
58734
58675
58715
58732
58727
58588
58581
58580
58638
58628
58627
58626
58598
58574
58637
58596
58646
58613
58587
58586
58650
58566
58595
58607
58620
58526
58510
58544
58542
58522
58491
58527
58494
58502
58500
58537
58548
58536
58529
58528
58506
58532
58511
58531
58535
58403
58395
58412
58474
58436
58473
58449
58439
58407
58437
58429
58484
58483
58418
58405
58402
58482
58438
58458
58464
58392
58315
58330
58374
58339
58350
58348
58347
58345
58382
58404
58328
58387
58373
58391
58358
58363
58370
58384
58341
58193
58187
58189
58303
58297
58263
58195
58275
58277
58296
58313
58309
58270
58274
58310
58150
58302
58131
58299
58298
58109
58123
58086
58129
58105
58075
58076
58125
58037
58111
58119
58116
58079
58031
58098
58078
58110
58113
58108
58094
58018
58010
57999
58004
58006
58007
57997
58001
58014
58011
58026
58008
57998
58005
58019
58027
58017
58020
58009
58003
57975
57951
57925
57990
57996
57948
57986
57848
57843
57983
57864
57892
57903
57946
57921
57866
57956
57994
57971
57957
57784
57801
57811
57815
57839
57838
57797
57814
57826
57817
57813
57802
57818
57810
57787
57819
57836
57837
57786
57798
57780
57731
57701
57772
57713
57774
57781
57716
57741
57743
57732
57709
57711
57706
57783
57707
57740
57710
57738
57719
57678
57705
57692
57698
57682
57643
57608
57699
57675
57684
57635
57642
57693
57632
57617
57683
57694
57612
57680
57631
57552
57565
57548
57559
57566
57539
57567
57563
57544
57560
57556
57557
57541
57564
57540
57546
57607
57545
57569
57570
57497
57492
57513
57527
57486
57506
57472
57487
57538
57480
57530
57508
57512
57532
57483
57498
57477
57488
57474
57534
57451
57448
57401
57459
57457
57467
57465
57436
57463
57431
57438
57461
57416
57415
57379
57404
57434
57468
57399
57441
57362
57322
57233
57275
57231
57238
57251
57225
57377
57269
57234
57246
57265
57258
57252
57350
57367
57356
57376
57363
57178
57190
57208
57191
57138
57205
57192
57156
57212
57137
57201
57150
57143
57197
57173
57207
57139
57144
57213
57209
57085
57084
57089
57121
57052
57063
57057
57103
57080
57098
57092
57083
57071
57105
57118
57077
57070
57097
57065
57134
57018
57008
56991
56969
56980
56998
57035
56968
56981
56988
57051
56992
56953
56957
56977
56979
57034
57027
57050
57006
56946
56876
56837
56858
56849
56949
56951
56952
56850
56864
56909
56919
56846
56824
56901
56863
56827
56943
56915
56916
56830
56775
56753
56767
56754
56773
56816
56756
56814
56750
56762
56768
56817
56825
56757
56780
56740
56741
56739
56807
56661
56702
56688
56697
56714
56644
56639
56647
56713
56691
56712
56690
56666
56657
56706
56679
56707
56708
56676
56699
56478
56509
56638
56504
56511
56513
56516
56472
56502
56635
56519
56503
56521
56495
56514
56629
56459
56591
56461
56474
56401
56414
56381
56451
56386
56416
56366
56418
56380
56452
56422
56423
56359
56396
56450
56378
56355
56456
56410
56379
56326
56272
56351
56318
56357
56295
56324
56301
56319
56277
56327
56321
56339
56271
56337
56270
56338
56353
56354
56323
56228
56241
56150
56255
56242
56163
56154
56229
56141
56186
56269
56240
56268
56175
56230
56239
56168
56152
56258
56153
56130
56103
56095
56140
56107
56135
56125
56119
56101
56133
56112
56098
56123
56120
56118
56139
56094
56115
56122
56109
56023
56029
56002
56074
56046
56071
56049
56045
56028
56018
56075
56066
56037
56016
55994
56058
56065
56040
56031
56014
55921
55912
55985
55920
55924
55948
55980
55972
55984
55970
55988
55931
55919
55947
55935
55923
55981
55917
56000
55990
55891
55890
55872
55863
55907
55884
55841
55903
55871
55911
55838
55823
55882
55824
55895
55849
55830
55842
55887
55820
55815
55812
55819
55760
55813
55752
55818
55753
55817
55777
55769
55794
55792
55782
55761
55776
55756
55814
55781
55767
55620
55612
55615
55725
55715
55729
55723
55611
55714
55662
55668
55679
55598
55686
55675
55719
55666
55665
55750
55653
55586
55568
55547
55582
55552
55553
55590
55551
55575
55540
55558
55541
55583
55560
55548
55544
55555
55535
55546
55566
55476
55519
55493
55446
55522
55507
55521
55459
55463
55515
55534
55485
55503
55525
55487
55532
55533
55497
55444
55494
55389
55404
55326
55376
55414
55327
55381
55345
55405
55399
55402
55344
55361
55377
55417
55352
55332
55340
55322
55390
55288
55207
55318
55321
55179
55175
55293
55319
55294
55304
55301
55232
55192
55285
55278
55182
55292
55286
55284
55313
55116
55098
55105
55132
55133
55114
55063
55110
55051
55109
55115
55130
55125
55071
55052
55168
55060
55117
55053
55129
55008
54993
55017
55005
54977
54996
54994
54983
54986
54988
55011
55001
55013
55021
54979
54997
55023
55015
55006
54980
54915
54896
54881
54972
54917
54904
54884
54973
54860
54874
54903
54914
54891
54978
54974
54865
54905
54882
54894
54857
54763
54839
54854
54790
54843
54830
54824
54802
54828
54846
54831
54765
54826
54766
54794
54803
54829
54850
54816
54844
54673
54739
54654
54688
54690
54705
54657
54743
54665
54698
54671
54661
54667
54672
54680
54660
54679
54692
54733
54742
54638
54643
54650
54552
54627
54563
54573
54557
54634
54635
54633
54556
54559
54644
54564
54584
54576
54550
54618
54642
54529
54501
54493
54495
54539
54487
54551
54513
54517
54525
54496
54492
54494
54499
54503
54549
54491
54509
54511
54485
54448
54483
54429
54401
54399
54411
54484
54455
54442
54430
54469
54440
54394
54444
54449
54467
54439
54447
54481
54400
54348
54381
54372
54382
54380
54383
54393
54391
54347
54343
54338
54375
54363
54362
54385
54342
54388
54368
54379
54337
54224
54271
54257
54279
54267
54327
54316
54293
54269
54285
54329
54276
54236
54264
54328
54223
54277
54286
54284
54219
54147
54119
54155
54149
54175
54152
54172
54222
54102
54111
54178
54150
54176
54217
54101
54138
54148
54109
54171
54115
54048
54096
54051
54038
54047
54082
54088
54049
54035
54089
54056
54087
54099
54052
54036
54043
54079
54059
54071
54046
54012
54014
53963
54030
54016
53954
53964
54021
53973
54007
53972
54018
53994
53983
53961
53982
53955
54022
53990
54023
53897
53949
53893
53885
53884
53889
53914
53872
53882
53876
53952
53867
53940
53886
53898
53915
53917
53942
53883
53941
53796
53788
53804
53781
53857
53821
53782
53809
53837
53806
53817
53774
53819
53793
53838
53856
53859
53778
53861
53776
53772
53742
53713
53720
53728
53762
53770
53710
53746
53766
53758
53767
53745
53726
53735
53744
53759
53719
53737
53761
53683
53597
53588
53627
53678
53608
53604
53558
53573
53601
53602
53500
53571
53706
53594
53575
53596
53566
53605
53598
53431
53498
53477
53438
53455
53445
53472
53453
53468
53437
53440
53446
53464
53474
53428
53494
53495
53429
53442
53452
53323
53379
53335
53422
53333
53389
53324
53392
53363
53390
53337
53410
53388
53419
53393
53361
53351
53421
53381
53424
53308
53305
53263
53261
53262
53251
53284
53256
53318
53313
53275
53317
53274
53288
53278
53279
53301
53268
53276
53289
53223
53248
53246
53237
53209
53231
53229
53245
53233
53205
53227
53217
53244
53240
53220
53212
53241
53214
53211
53219
53199
53191
53151
53173
53131
53148
53186
53133
53197
53178
53144
53189
53192
53187
53128
53172
53141
53154
53182
53145
53102
53077
53106
53081
53079
53099
53082
53071
53096
53069
53070
53098
53112
53120
53113
53104
53097
53065
53101
53103
53044
53043
53047
52978
53061
53030
53011
53062
53045
52986
53027
53016
52988
53017
53012
53031
53018
52974
52996
52973
52948
52921
52929
52956
52933
52915
52934
52910
52959
52955
52968
52947
52916
52969
52941
52957
52952
52913
52928
52920
52878
52899
52858
52903
52866
52879
52898
52891
52885
52843
52870
52904
52905
52884
52907
52889
52856
52842
52841
52852
52819
52827
52816
52824
52825
52830
52803
52810
52826
52832
52798
52808
52804
52809
52834
52839
52833
52820
52806
52822
52769
52791
52794
52795
52748
52783
52780
52731
52765
52767
52754
52793
52747
52777
52768
52729
52788
52781
52730
52784
52645
52691
52673
52722
52648
52683
52666
52725
52679
52728
52717
52652
52684
52680
52713
52664
52663
52650
52675
52671
52554
52634
52544
52547
52604
52546
52588
52584
52621
52619
52633
52640
52629
52566
52614
52618
52596
52581
52625
52559
52325
52311
52316
52428
52485
52510
52493
52321
52535
52516
52303
52504
52517
52312
52522
52532
52513
52537
52534
52482
52271
52279
52298
52296
52259
52274
52264
52204
52288
52211
52240
52267
52247
52268
52285
52292
52272
52299
52273
52260
52198
52170
52188
52190
52193
52166
52182
52183
52152
52187
52168
52145
52137
52167
52201
52180
52169
52144
52181
52178
52069
52041
52120
52064
52125
52127
52129
52054
52048
52049
52040
52124
52116
52063
52126
52133
52121
52033
52046
52071
51995
52017
51999
52030
52024
51986
52007
52022
52023
52010
52026
51973
51996
51997
51965
52027
52025
52031
51994
51958
51954
51926
51947
51944
51953
51932
51941
51951
51942
51934
51949
51943
51921
51911
51940
51917
51938
51930
51948
51910
51891
51883
51894
51902
51827
51873
51884
51888
51887
51830
51843
51828
51877
51903
51908
51901
51900
51876
51897
51890
51760
51747
51770
51752
51814
51764
51761
51805
51777
51739
51786
51811
51746
51792
51765
51776
51751
51756
51757
51817
51716
51641
51726
51737
51696
51639
51680
51643
51690
51697
51718
51645
51642
51707
51735
51679
51685
51677
51723
51712
51592
51579
51561
51548
51593
51578
51562
51551
51566
51617
51553
51635
51618
51608
51557
51550
51556
51567
51572
51559
51526
51523
51542
51483
51482
51485
51506
51515
51525
51496
51491
51521
51535
51494
51543
51516
51511
51544
51534
51490
51417
51406
51391
51385
51389
51418
51438
51413
51452
51443
51436
51397
51372
51481
51376
51392
51368
51445
51409
51437
51279
51343
51367
51303
51329
51356
51295
51268
51300
51283
51359
51306
51294
51357
51366
51349
51352
51313
51307
51284
51223
51267
51246
51260
51226
51254
51227
51205
51263
51249
51211
51214
51252
51247
51228
51206
51239
51207
51266
51259
51196
51166
51185
51183
51184
51171
51153
51186
51180
51195
51190
51167
51164
51154
51158
51168
51172
51155
51177
51163
50995
51008
51001
51128
51003
51011
51068
51012
51062
51030
51019
51005
51028
51032
51029
51010
51018
51031
50992
51016
50908
50928
50910
50927
50913
50949
50988
50977
50982
50961
50976
50926
50997
50911
50909
50952
50907
50960
50925
50971
50850
50901
50892
50875
50863
50853
50895
50877
50847
50849
50848
50905
50869
50812
50865
50902
50864
50841
50893
50898
50767
50775
50755
50784
50791
50725
50741
50737
50717
50733
50781
50720
50796
50770
50768
50792
50769
50777
50724
50786
50700
50697
50693
50682
50704
50656
50676
50660
50689
50712
50672
50707
50652
50706
50668
50680
50671
50691
50714
50675
50614
50596
50571
50592
50639
50585
50573
50591
50648
50642
50613
50606
50620
50649
50631
50587
50582
50580
50579
50627
50527
50528
50516
50543
50548
50558
50536
50559
50554
50515
50541
50508
50501
50551
50549
50511
50533
50570
50524
50512
50457
50480
50466
50498
50470
50489
50471
50439
50437
50453
50486
50438
50479
50482
50465
50500
50499
50468
50488
50458
50373
50397
50388
50403
50411
50354
50394
50392
50380
50387
50427
50391
50352
50360
50362
50385
50351
50349
50428
50401
50330
50335
50288
50304
50263
50337
50344
50298
50316
50299
50320
50322
50293
50313
50277
50323
50287
50261
50290
50291
50216
50227
50250
50223
50232
50234
50200
50235
50249
50236
50225
50252
50255
50207
50189
50201
50226
50221
50228
50215
50180
50171
50161
50184
50182
50126
50177
50120
50179
50188
50156
50167
50129
50148
50140
50138
50157
50115
50185
50162
50068
50058
50101
50066
50091
50054
50056
50076
50107
50065
50036
50059
50040
50104
50055
50071
50095
50057
50079
50060
49895
50012
50005
49909
49911
49996
49906
49904
50027
49985
49896
49902
49990
49908
49917
49910
49901
49897
49957
49899
49793
49888
49887
49857
49891
49862
49890
49878
49782
49855
49781
49786
49865
49893
49885
49884
49841
49886
49889
49769
49716
49751
49760
49724
49766
49757
49755
49739
49725
49726
49727
49722
49748
49763
49740
49733
49746
49735
49728
49736
49669
49664
49622
49697
49712
49704
49674
49699
49640
49629
49670
49624
49638
49714
49627
49677
49695
49713
49626
49706
49548
49534
49621
49618
49502
49612
49546
49542
49614
49550
49539
49536
49532
49527
49556
49521
49615
49547
49537
49613
49446
49468
49481
49487
49445
49495
49500
49451
49480
49462
49491
49484
49456
49460
49449
49485
49454
49455
49472
49453
49433
49431
49425
49444
49376
49436
49367
49382
49366
49434
49416
49441
49435
49417
49428
49438
49443
49411
49429
49440
49306
49310
49325
49358
49345
49351
49290
49308
49322
49337
49297
49270
49291
49312
49268
49265
49332
49336
49348
49264
49234
49226
49249
49204
49214
49250
49059
49045
49207
49050
49261
49245
49246
49084
49227
49220
49221
49052
49217
49206
48975
47893
49005
49006
48989
47892
49012
48998
47877
47878
47885
49031
49004
48985
48990
47887
48978
49019
49011
47890
47867
47828
47773
47794
47771
47767
47789
47777
47764
47874
47876
47840
47861
47791
47755
47780
47776
47775
47847
47782
47720
47706
47664
47733
47734
47738
47718
47670
47747
47684
47700
47709
47690
47683
47739
47730
47695
47719
47716
47745
47574
47636
47643
47537
47627
47653
47641
47642
47614
47626
47532
47540
47624
47573
47659
47638
47637
47632
47652
47556
47521
47529
47471
47496
47487
47501
47497
47480
47475
47530
47519
47506
47482
47524
47481
47505
47502
47522
47488
47493
47286
47278
47347
47330
47277
47336
47327
47322
47324
47392
47466
47280
47276
47393
47311
47346
47298
47318
47337
47446
47263
47209
47250
47269
47274
47256
47233
47208
47211
47238
47214
47223
47215
47216
47225
47243
47247
47257
47221
47210
47105
47196
47096
47173
47127
47194
47200
47185
47103
47106
47186
47201
47098
47104
47109
47102
47207
47126
47179
47177
47045
47048
47061
47050
47032
47029
47042
47059
47057
47036
47027
47093
47091
47039
47023
47044
47031
47092
47054
47075
46985
46977
47017
46988
47000
46991
47009
46983
47018
47022
46996
46984
46990
46975
46976
47006
47004
47019
47003
46997
46888
46968
46963
46917
46973
46951
46901
46879
46900
46964
46972
46899
46891
46892
46890
46961
46904
46916
46918
46970
46837
46860
46806
46871
46855
46812
46873
46810
46805
46783
46832
46786
46791
46856
46829
46809
46865
46827
46811
46813
46754
46760
46730
46752
46718
46774
46781
46713
46722
46782
46708
46710
46762
46766
46763
46709
46759
46716
46767
46758
46663
46699
46646
46645
46668
46688
46636
46658
46692
46672
46662
46700
46678
46691
46666
46687
46647
46689
46660
46690
46572
46634
46601
46565
46599
46637
46592
46605
46567
46619
46566
46610
46616
46589
46612
46568
46581
46633
46604
46598
46517
46550
46540
46539
46529
46554
46516
46561
46560
46549
46541
46555
46558
46524
46553
46530
46520
46552
46522
46543
46495
46477
46480
46454
46451
46503
46506
46457
46466
46472
46502
46501
46465
46453
46458
46441
46487
46494
46499
46507
46423
46380
46395
46421
46422
46411
46378
46440
46430
46401
46402
46424
46374
46397
46398
46385
46393
46427
46372
46408
46236
46247
46265
46266
46262
46246
46346
46357
46235
46365
46245
46354
46370
46341
46243
46233
46363
46305
46234
46352
46211
46180
46221
46209
46185
46177
46176
46222
46187
46181
46214
46230
46229
46219
46220
46201
46190
46218
46210
46202
46083
46140
46163
46091
46139
46063
46147
46149
46072
46065
46074
46133
46166
46175
46131
46078
46165
46085
46144
46060
45955
45914
45930
45899
45896
45933
45962
46036
46032
45916
45886
45949
45945
45924
45885
46059
45898
45923
45881
45932
45821
45792
45791
45869
45798
45818
45832
45831
45797
45825
45879
45820
45810
45856
45855
45827
45799
45849
45809
45870
45790
21097
21088
21103
45789
25363
21081
21078
34086
21083
21080
45788
21086
21082
21101
21090
25371
21085
21095
25373
21024
21058
21068
21023
21054
21053
21031
21055
21049
21071
21061
21030
21048
21026
21072
21047
21050
21064
21025
21028
20989
20982
20983
20992
20980
21020
20997
20999
20972
21017
20995
20993
20988
20973
21016
20974
21012
20979
21021
20981
20885
20855
20858
20880
20886
20843
20905
20864
20813
20889
20865
20856
20891
20869
20879
20845
20967
20873
20902
20839
20760
20753
20743
20737
20802
20763
20756
20807
20751
20776
20747
20775
20787
20735
20799
20746
20759
20778
20796
20801
20672
20635
20661
20733
20671
20734
20719
20644
20645
20642
20676
20714
20646
20686
20650
20718
20724
20638
20660
20713
20627
20626
20523
20607
20617
20633
20623
20473
20481
20534
20522
20624
20618
20622
20594
20493
20603
20533
20458
20612
20376
20293
20367
20402
20341
20422
20336
20384
20377
20344
20366
20348
20331
20374
20291
20330
20294
20340
20281
20423
20184
20187
20217
20220
20185
20213
20175
20174
20272
20223
20226
20268
20222
20179
20178
20237
20177
20208
20203
20265
20122
20115
20124
20172
20133
20102
20164
20131
20161
20113
20135
20111
20159
20158
20138
20160
20104
20173
20125
20165
20080
20061
20099
20057
20101
20083
20073
20092
20071
20087
20098
20076
20056
20044
20074
20070
20048
20064
20072
20090
19922
19927
19926
19933
19919
19882
19923
19925
19920
20022
19879
19913
20042
20043
20024
19917
19924
19912
19918
19932
19825
19849
19865
19853
19859
19791
19827
19813
19816
19812
19835
19819
19832
19854
19836
19868
19872
19796
19810
19822
19722
19698
19778
19723
19741
19785
19714
19779
19736
19733
19713
19787
19721
19701
19716
19738
19717
19715
19784
19704
19637
19665
19629
19686
19645
19680
19667
19676
19625
19631
19678
19639
19646
19659
19685
19661
19662
19655
19677
19674
19591
19601
19583
19610
19606
19585
19599
19605
19615
19604
19587
19593
19579
19616
19600
19614
19607
19597
19603
19613
19576
19489
19519
19525
19569
19516
19567
19504
19499
19573
19577
19500
19529
19508
19534
19562
19502
19505
19509
19522
19442
19482
19478
19427
19423
19474
19484
19480
19433
19447
19420
19419
19435
19412
19473
19486
19485
19475
19481
19439
19400
19351
19356
19387
19377
19373
19324
19405
19359
19375
19357
19388
19380
19365
19366
19376
19396
19382
19353
19404
19285
19307
19238
19294
19232
19293
19229
19282
19243
19236
19292
19281
19276
19270
19271
19248
19250
19275
19268
19274
19216
19222
19189
19209
19178
19170
19217
19228
19227
19194
19226
19218
19168
19205
19184
19169
19211
19214
19204
19215
19132
19109
19157
19165
19167
19161
19158
19166
19146
19117
19112
19127
19160
19154
19107
19136
19113
19142
19141
19143
19053
19104
19099
19047
19066
19083
19098
19061
19106
19046
19048
19089
19085
19050
19088
19057
19097
19063
19062
19102
19006
19013
19002
19037
18999
18998
19007
19020
18992
19003
19030
19042
19012
19027
19029
19023
19019
19044
18993
19039
18868
18946
18959
18867
18980
18963
18873
18973
18961
18978
18942
18916
18985
18983
18956
18862
18970
18885
18960
18872
18853
18550
18538
18824
18541
18523
18521
18715
18549
18567
18525
18851
18713
18714
18562
18528
18611
18820
18823
18529
18430
18392
18402
18408
18407
18416
18405
18455
18451
18401
18467
18447
18441
18410
18411
18520
18468
18412
18450
18466
18386
18349
18389
18361
18382
18380
18379
18388
18374
18355
18383
18378
18350
18387
18385
18368
18393
18353
18356
18375
18261
18333
18325
18251
18319
18277
18336
18338
18262
18278
18323
18267
18269
18253
18342
18337
18324
18309
18343
18310
18172
18226
18173
18208
18231
18182
18206
18224
18179
18207
18233
18195
18214
18181
18199
18165
18232
18197
18200
18225
18125
18113
18112
18128
18142
18120
18134
18162
18144
18153
18110
18154
18119
18143
18155
18151
18129
18126
18133
18160
18092
18105
18069
18010
18037
18004
18000
18089
18106
18013
18094
18011
18039
18021
18033
18019
18041
18096
18017
18095
17976
17934
17899
17937
17901
17978
17932
17911
17998
17960
17936
17933
17919
17982
17915
17908
17930
17947
17916
17931
17843
17896
17842
17870
17869
17875
17850
17873
17881
17863
17864
17810
17851
17898
17878
17876
17885
17861
17846
17886
17808
17795
17758
17781
17793
17753
17809
17767
17754
17787
17802
17766
17780
17756
17800
17806
17777
17759
17765
17764
17701
17744
17693
17687
17682
17686
17690
17730
17719
17746
17723
17727
17714
17748
17718
17720
17728
17726
17740
17691
17669
17667
17674
17643
17680
17676
17634
17668
17650
17645
17653
17637
17644
17660
17622
17633
17662
17659
17631
17677
17608
17606
17565
17588
17545
17607
17578
17581
17544
17563
17569
17616
17559
17560
17594
17597
17599
17579
17586
17556
17495
17468
17530
17538
17500
17528
17461
17532
17511
17516
17469
17498
17536
17519
17520
17542
17490
17521
17463
17517
17450
17417
17456
17413
17427
17396
17457
17445
17379
17442
17408
17404
17389
17416
17459
17409
17400
17385
17397
17428
17342
17353
17370
17349
17365
17367
17345
17354
17337
17351
17317
17362
17361
17352
17325
17363
17364
17330
17338
17335
17198
17166
17238
17187
17178
17173
17164
17179
17231
17177
17237
17312
17182
17232
17183
17260
17315
17169
17180
17174
17139
17117
17086
17118
17081
17019
17108
17162
17026
17137
17082
17113
17146
17094
17119
17127
17158
17093
17125
17069
16879
16868
16938
16866
16869
16882
16865
16931
16861
16859
16871
16981
16990
16934
17001
16850
16996
16851
16937
16852
16768
16848
16774
16791
16794
16829
16823
16772
16785
16828
16771
16773
16804
16779
16837
16755
16764
16795
16760
16754
16731
16703
16700
16745
16726
16735
16711
16710
16719
16717
16739
16704
16746
16702
16736
16721
16720
16708
16752
16742
16697
16629
16662
16673
16696
16699
16635
16689
16681
16638
16679
16665
16663
16631
16680
16648
16643
16642
16658
16672
16594
16627
16611
16618
16623
16602
16569
16607
16601
16605
16576
16622
16583
16626
16606
16610
16624
16600
16612
16596
16502
16550
16530
16515
16532
16543
16551
16526
16511
16533
16510
16501
16493
16527
16509
16545
16556
16538
16504
16517
16436
16485
16426
16492
16422
16465
16419
16420
16480
16455
16464
16421
16428
16470
16476
16477
16432
16467
16424
16435
16418
16316
16311
16410
16390
16331
16346
16417
16382
16328
16361
16413
16393
16383
16368
16335
16408
16369
16409
16334
16207
16265
16193
16251
16276
16269
16263
16194
16259
16279
16256
16221
16270
16298
16309
16296
16278
16223
16260
16292
16082
16066
16176
16112
16084
16086
16117
16181
16133
16064
16152
16148
16164
16069
16140
16180
16106
16159
16139
16130
16013
16018
16010
16048
16032
16021
16020
16027
16057
16045
16047
16050
16016
16009
16054
16014
16056
16058
16059
16062
15912
15926
15896
15913
15902
16005
15895
15872
16004
15986
15880
15903
15969
15924
15945
16000
15940
15878
15944
15999
15727
15766
15781
15783
15720
15778
15737
15768
15785
15748
15868
15787
15716
15759
15809
15750
15731
15728
15722
15865
15712
15697
15659
15698
15646
15709
15686
15645
15644
15657
15715
15634
15642
15696
15711
15693
15695
15630
15700
15692
15563
15610
15547
15591
15595
15594
15609
15590
15548
15567
15631
15552
15596
15589
15560
15629
15549
15628
15607
15568
15424
15528
15519
15523
15447
15437
15538
15541
15445
15479
15517
15461
15512
15508
15478
15509
15518
15454
15525
15440
15346
15373
15351
15407
15349
15345
15376
15347
15350
15339
15423
15368
15387
15348
15413
15391
15386
15401
15402
15342
15303
15271
15235
15324
15189
15302
15260
15217
15329
15194
15266
15272
15224
15282
15285
15170
15297
15265
15338
15206
15071
15056
15149
15005
15067
15139
15160
15164
15111
15066
15077
15073
15050
15051
15057
15088
15018
15163
15060
15019
14887
15000
14876
14973
14942
14981
14956
14868
14863
14898
14906
14995
14955
14982
14870
14888
14877
14864
14865
14947
14776
14839
14841
14808
14831
14834
14773
14849
14819
14764
14749
14835
14828
14784
14807
14840
14818
14806
14817
14859
14640
14744
14727
14576
14723
14729
14614
14684
14587
14745
14623
14693
14580
14733
14582
14586
14647
14621
14622
14606
14484
14503
14509
14518
14552
14566
14491
14523
14476
14517
14554
14495
14474
14563
14511
14485
14539
14477
14550
14572
14464
14424
14463
14422
14445
14453
14437
14444
14400
14459
14471
14392
14423
14470
14435
14472
14465
14399
14409
14389
14193
14329
14304
14347
14373
14292
14382
14338
14270
14383
14321
14217
14275
14242
14302
14345
14259
14364
14323
14366
14114
14156
14027
14068
14111
14056
14112
14065
14139
14182
14057
14153
14055
14036
14150
14088
14070
14079
14151
14183
13757
13979
14008
14011
13803
13883
14028
13974
13965
13924
13828
14012
13762
13913
14024
13993
13860
13886
13764
13861
13622
13637
13636
13699
13688
13606
13705
13610
13651
13607
13671
13657
13718
13679
13707
13714
13656
13617
13609
13727
13581
13507
13608
13509
13477
13555
13479
13521
13592
13514
13605
13522
13494
13557
13594
13593
13476
13543
13580
13520
13333
13340
13390
13475
13434
13468
13437
13443
13469
13424
13339
13374
13445
13351
13389
13470
13387
13336
13337
13420
13290
13307
13239
13223
13269
13237
13277
13305
13306
13236
13268
13251
13304
13293
13257
13330
13292
13294
13260
13279
13037
13202
13136
13062
13073
13065
13178
13134
13051
13102
13176
13219
13036
13179
13196
13112
13203
13049
13101
13135
13022
12922
12865
12988
12972
12933
13021
12969
12953
12880
12948
12918
12881
12910
12954
12911
12852
13001
13002
13013
12804
12783
12701
12704
12742
12834
12802
12827
12792
12716
12794
12718
12767
12842
12769
12782
12836
12791
12708
12824
12563
12604
12552
12546
12551
12664
12623
12674
12540
12541
12575
12616
12612
12549
12609
12654
12672
12542
12663
12592
12336
12337
12319
12420
12418
12385
12320
12264
12529
12347
12358
12459
12439
12346
12432
12486
12515
12499
12525
12522
12227
12233
12204
12243
12118
12095
12232
12114
12157
12209
12094
12210
12146
12075
12102
12241
12123
12159
12185
12173
11908
12024
12056
11962
12035
12034
11952
11999
11947
11961
12011
11912
11996
12017
12074
12054
11931
12058
12020
12073
11891
11805
11865
11875
11862
11890
11784
11769
11863
11876
11831
11768
11840
11807
11851
11889
11839
11829
11838
11850
11619
11666
11755
11681
11622
11651
11637
11621
11630
11696
11767
11745
11678
11638
11744
11761
11682
11732
11679
11743
11606
11562
11594
11593
11550
11601
11602
11578
11558
11616
11521
11617
11544
11531
11608
11614
11542
11597
11543
11519
11507
11374
11496
11418
11451
11506
11409
11408
11494
11379
11462
11396
11505
11434
11355
11346
11484
11445
11405
11354
11289
11234
11236
11290
11229
11259
11286
11245
11246
11320
11342
11309
11273
11255
11235
11308
11227
11228
11271
11233
11135
11192
11204
11114
11101
11163
11100
11224
11107
11102
11148
11206
11160
11214
11191
11115
11150
11172
11217
11196
11055
11009
10989
11095
11093
10976
11027
11082
10986
11057
11044
11043
11079
11012
11080
11081
10991
11085
10977
10975
10929
10940
10916
10908
10913
10937
10906
10830
10932
10880
10931
10944
10861
10845
10911
10863
10907
10828
10914
10843
10768
10759
10742
10715
10782
10733
10819
10751
10815
10794
10777
10750
10816
10769
10727
10731
10778
10718
10729
10784
10616
10677
10602
10617
10548
10657
10573
10714
10564
10576
10662
10702
10604
10682
10567
10701
10700
10569
10667
10552
10499
10453
10411
10408
10497
10441
10420
10435
10481
10518
10540
10470
10480
10519
10421
10510
10438
10506
10479
10410
10290
10401
10289
10339
10331
10312
10399
10299
10358
10402
10310
10303
10403
10397
10311
10341
10390
10384
10359
10309
10225
10268
10261
10189
10270
10287
10235
10220
10277
10208
10263
10196
10234
10278
10193
10221
10194
10269
10187
10224
10156
10175
10130
10165
10141
10166
10174
10170
10137
10145
10115
10135
10151
10148
10188
10169
10163
10160
10117
10153
10073
10029
10042
10114
10066
10067
9976
10043
10013
10099
9970
10101
9978
10087
10008
10052
10093
10041
9971
10106
9901
9849
9878
9953
9855
9913
9827
9888
9843
9866
9937
9845
9957
9835
9942
9836
9844
9938
9853
9940
9784
9808
9754
9825
9763
9716
9762
9740
9783
9792
9780
9826
9742
9793
9819
9807
9764
9821
9730
9809
9713
9689
9675
9665
9692
9714
9674
9609
9715
9615
9632
9640
9677
9616
9664
9662
9707
9633
9637
9667
9560
9536
9582
9570
9603
9580
9541
9534
9595
9581
9535
9558
9594
9569
9559
9604
9599
9547
9544
9578
9480
9513
9523
9475
9483
9477
9497
9524
9484
9476
9496
9502
9498
9521
9491
9482
9486
9481
9533
9469
9414
9429
9425
10146
9457
9464
9467
9382
9412
9380
9392
9407
9376
9466
9381
9386
9384
9408
9473
9458
9362
9318
9310
9340
9351
9359
9294
9364
9374
9315
9368
9309
9342
9355
9299
9332
9354
9341
9306
9305
9254
9220
9268
9249
9209
9242
9261
9269
9287
9252
9251
9210
9215
9258
9232
9233
9231
9296
9240
9207
9195
9190
9186
9136
9168
9169
9090
9137
9184
9170
9126
9151
9187
9185
9147
9144
9200
9105
9166
9171
9039
9020
9019
9023
8971
8990
9029
9010
8996
8958
9022
8985
9086
9063
9073
9069
9055
9013
9038
9040
8883
8882
8939
8887
8936
8894
8872
8937
8954
8892
10259
8876
8924
8903
8871
8889
8884
8935
8923
8922
8838
8811
8800
8817
8795
8810
8860
8848
8824
8826
8787
8839
8869
8793
8844
8786
8818
8792
8829
8780
8730
8698
8747
8760
8728
8702
8779
8748
8695
8761
8696
8777
8778
8716
8737
8703
8762
8731
8754
8746
8668
8675
8669
8660
8655
8681
8674
8639
8643
8616
8692
8651
8691
8663
8633
8634
8625
8667
8640
8682
8607
8605
8614
8571
8588
8579
8557
8577
8580
8578
8601
8559
8523
8600
8513
8570
8563
8606
8602
8608
8478
8451
8351
8401
8474
8389
8426
8503
8357
8377
8410
8455
8404
8380
8353
8354
8361
8395
8479
8493
8273
8325
8326
8336
8286
8310
8343
8276
8268
8275
8347
8261
8311
8328
8298
8335
8267
8296
8346
8281
8255
8186
8259
8253
8171
8223
8205
8256
8209
8195
8176
8278
8193
8207
8234
8241
8246
8182
8169
8260
8095
8097
8136
8165
8126
8160
8164
8163
8119
8099
8093
8115
8162
8094
8145
8110
8096
8101
8112
8130
8029
8051
8021
8019
8010
8055
8008
8082
8073
8020
8015
8040
8030
8043
8011
8063
8014
8041
8028
8074
7993
7943
7996
7973
8001
7992
7945
7981
7940
7970
7983
7956
8000
7958
7982
7999
7932
7957
7931
7933
7854
7920
7899
7872
7805
7896
7851
7874
7883
7839
7865
7904
7837
7885
7855
7895
7814
7813
7806
7866
7739
7743
7737
7786
7751
7749
7792
7802
7742
7778
7736
7750
7764
7771
7730
7732
7781
7779
7801
7785
7654
7677
7678
7685
7710
7673
7725
7689
7655
7692
7711
7681
7693
7664
7659
7674
7688
7658
7698
7708
7556
7543
7568
7590
7540
7594
7541
7566
7623
7538
7558
7559
7530
7562
7574
7643
7597
7644
7585
7619
7467
7475
7498
7477
7440
7516
7512
7468
7518
7443
7515
7452
7454
7507
7449
7461
7473
7508
7479
7509
7381
7386
7420
7370
7396
7316
7435
7421
7314
7365
7367
7357
7384
7389
7423
7332
7439
7382
7433
7410
7198
7234
7248
7247
7202
7289
7245
7194
7235
7288
7225
7265
7296
7197
7309
7297
7204
7308
7283
7240
7081
7120
7098
7100
7068
7096
7170
7071
7139
7125
7115
7082
7146
7105
7114
7072
7138
7134
7090
7176
6991
6990
7009
6993
7047
7049
7022
7010
7004
7039
6983
7035
7040
7033
7006
7026
6994
7060
7042
7061
6979
6879
6978
6914
6946
6933
6900
6875
6877
6897
6964
6956
6926
6887
6925
6977
6896
6909
6885
6886
10260
6856
6837
6821
6798
6830
6824
6814
6803
6852
6796
6788
6829
6797
6858
6805
6787
6867
6844
6846
6783
6681
6693
6737
6769
6739
6730
6725
6734
6765
6768
6733
6684
6755
6778
6685
6776
6777
6727
6719
6597
6652
6586
6606
6616
6661
6628
6664
6638
6663
6675
6674
6651
6551
6633
6557
6608
6621
6673
6641
6368
6497
6443
6414
6413
6364
6465
6384
6428
6537
6430
6366
6389
6460
6450
6399
6481
6488
6363
6535
6304
6319
6257
6359
6356
6344
6355
6331
6293
6273
6292
6294
6340
6259
6329
6305
6317
6330
6311
6341
6168
6148
6140
6242
6241
6218
6171
6094
6142
6236
6221
6251
6216
6093
6172
6191
6143
6187
6150
6108
6000
6044
6037
6074
6023
6013
6022
6056
6003
6084
6024
6066
6059
6031
6035
6028
6002
6078
6008
6034
5994
5955
5964
5953
5986
5917
5929
5966
5923
5979
5918
5987
5934
5961
5993
5971
5965
5989
5981
5992
5907
5909
5814
5862
5916
5833
5808
5865
5809
5806
5857
5885
5899
5825
5900
5915
5874
5866
5928
5844
5723
5788
5728
5763
5724
5783
5782
5781
5802
5751
5799
5772
5770
5801
5755
5745
5748
5805
5742
5795
5718
5708
5676
5693
5644
5642
5691
5629
5663
5677
5717
5714
5664
5645
5689
5700
5675
5631
5690
5701
5600
5647
5570
5566
5612
5552
5616
5540
5601
5534
5555
5578
5575
5602
5553
5550
5628
5549
5533
5537
5511
5509
5530
5483
5504
5543
5496
5505
5484
5521
5499
5529
5475
5516
5508
5493
5518
5520
5469
5519
5418
5408
5379
5465
5409
5422
5404
5455
5419
5439
5430
5454
5385
5393
5395
5384
5548
5417
5413
5464
5332
5375
5296
5352
5309
5302
5312
5354
5297
5368
5363
5308
5314
5317
5365
5333
5345
5303
5364
5351
5237
5269
5188
5225
5279
5281
5236
5230
5226
5206
5209
5246
5285
5254
5286
5270
5267
5274
5207
5268
25324
25316
5173
25331
5148
5180
5146
5114
5119
5187
5124
5147
5107
5134
5125
5165
5171
5132
5025
5154
25304
4884
4988
4863
4960
5021
4881
4980
4985
4981
4975
4889
4922
4992
4877
4959
4876
4923
4894
4978
4846
4789
4833
4831
4803
4822
4802
4861
5003
4836
4866
4815
4830
4790
4786
4834
4787
5014
25272
4820
4681
4708
4695
4726
4738
4870
4869
4701
4764
25251
4733
4715
4670
4697
4745
4677
4719
6446
4707
4680
4632
4521
4781
4540
4631
4520
25244
4782
4780
4530
4649
4809
4648
4537
4804
4534
4640
4650
4527
4525
4465
4494
4473
4438
6411
4506
4463
4446
4498
4464
4475
4485
4459
4474
4439
4443
4486
4449
4514
4481
4435
4384
4427
4383
4360
4372
4406
4426
4355
4392
4403
4437
4370
4425
4416
4401
4417
4382
4413
4358
4332
4351
4330
4337
4256
4272
4338
4264
4285
4239
4275
4350
4279
4346
4336
25219
4345
4265
4252
4246
4147
4129
4118
4236
4186
4155
4202
4220
4151
4172
4207
4192
4233
4143
4124
4203
4160
4137
4227
4175
4048
4045
4006
4082
4113
4015
3980
4093
25196
4036
4094
4089
4010
4072
4041
4030
4037
4073
4016
4079
3907
3878
3842
3978
3846
3921
3943
3956
3836
3860
3974
3910
3946
3858
3914
3951
3960
3954
3861
3874
3766
3805
3825
3785
3826
3835
3823
3813
3757
10255
3786
3779
3754
3758
25186
3790
3767
3775
3802
3781
3690
3724
3646
3753
3751
3712
3638
3637
3629
3700
3688
3691
3647
3715
3685
3689
3672
3723
3734
3761
3578
3550
3563
3611
3586
3565
3618
3600
3571
3554
3613
3538
3539
3535
3558
3598
3603
3621
3549
3594
3478
3521
10254
3482
3517
3466
3460
3494
3529
3496
3523
3526
3522
3454
3456
3468
3508
3533
3486
3461
3394
3392
3406
3402
3385
3414
3401
3393
3423
3370
3409
3442
3387
25160
3399
3366
3416
3410
3403
3424
3362
3295
3355
3312
3349
3298
3350
3335
3354
3287
3332
3341
3294
3309
3337
3343
3361
3320
3323
3302
3241
3233
3270
3247
3227
3245
3254
3215
3258
3242
3222
3213
3224
3248
3239
3195
3257
3231
3196
3218
3097
3150
3177
3076
3099
3130
10253
3160
3164
3172
3161
3148
3140
3189
3171
3147
3135
3075
3149
3095
3049
3033
2991
3067
3012
2984
3064
2980
3060
3048
2978
3063
3039
3005
3070
2975
3057
3027
3021
3040
2913
2958
2935
2890
2871
2960
2921
2925
2953
2904
2876
2966
2926
2927
2879
2909
2959
2880
2949
2902
2795
2827
2783
2789
2812
2868
2807
2863
2816
25132
6033
2840
2854
2847
2851
2680
2825
2814
2844
2725
2529
2674
2645
2592
2506
2602
2663
2610
2647
2533
2649
2599
2541
2479
2484
2608
2505
2588
2518
2598
2379
2384
2381
2393
2404
2397
2405
2333
2448
2445
2414
2431
2430
2460
2462
2475
2350
2432
2425
2477
2190
2239
2235
2248
2312
2189
2234
25105
2271
2238
2250
2172
2191
2289
2288
2194
2325
2305
2283
2301
2116
2143
2124
2115
2170
2105
2117
2091
2137
2160
2125
2158
2166
2134
2087
2088
2095
2126
2120
2092
1954
2047
1943
2046
2043
1933
1968
2053
1991
1989
1966
2077
2082
1998
2052
1990
2072
2069
1995
25087
1770
1860
1777
1841
1800
25073
1861
1831
1899
1809
1826
1859
1843
1834
1929
1806
1910
1810
1850
1931
1748
1708
1678
1710
1731
1749
1750
1665
1730
1696
1745
1722
1663
1756
1729
1682
1659
1763
1706
1664
1599
1579
1603
1598
25063
5177
1647
1566
1633
1581
1642
1580
1578
1596
1631
1606
1564
1637
1570
1645
1505
1495
1518
1551
1552
1467
1553
1530
1496
1527
1501
1515
1519
1535
1504
1490
1517
1491
1513
1503
1401
1463
1363
1455
1416
1343
1341
1351
1440
1383
1453
1415
1360
1330
1466
1450
1353
1402
1433
1436
1255
1289
1329
1314
1309
1242
1299
1268
1267
1306
1252
1292
1318
1241
1247
1254
1256
1276
1250
1294
1133
1226
1227
1152
1229
1168
1132
1121
1218
1204
1166
1222
1150
1138
1185
1230
1239
1134
1228
1208
1099
1042
1062
1102
1078
1071
1067
1113
1054
1060
1091
1052
1093
1064
25026
1120
1087
1069
1072
1048
1035
1036
923
940
995
1008
922
990
1016
929
962
931
988
955
966
958
978
976
994
993
805
852
808
741
847
787
859
853
765
851
825
10252
819
806
815
753
759
807
792
840
668
653
706
657
697
683
690
718
681
702
669
678
739
725
716
731
699
661
710
685
586
575
578
579
600
564
591
650
636
619
581
604
633
643
583
595
598
589
634
649
474
507
482
485
486
523
498
490
530
542
499
522
544
489
468
508
500
484
545
524
453
457
399
415
465
408
441
362
409
395
396
353
450
437
369
350
352
410
348
359
328
334
326
332
258
336
292
341
263
295
272
345
330
320
303
338
315
340
309
321
160
216
193
191
178
201
182
190
198
181
24952
166
239
169
251
237
189
183
196
220
12
135
95
55
18
1
108
117
156
2
24941
75
57
3
19
106
30
31
77
59
24929
24928
24923
24922
24930
24931
24934
24937
24940
24947
24935
24933
24936
24927
24925
24948
24932
24926
24924
24938
24903
24918
24908
24915
24920
24919
24911
24904
24909
24907
24912
24902
24917
24921
24913
24916
24906
24910
24914
24905
24900
24888
24896
24891
24897
24886
24901
24949
24885
24892
24884
24890
24887
24889
24950
24894
24895
24899
24893
24898
24871
24875
24867
24877
24881
24874
24883
24866
24878
24870
24879
24880
24865
24869
24868
24863
24876
24864
24862
24873
24842
24845
24846
24839
24849
24856
24847
24848
24857
24843
24859
24855
24860
24852
24844
24841
24840
24851
24850
24858
24820
24831
24836
24823
24818
24834
24832
24828
24830
24819
24837
24824
24838
24825
24816
24822
24829
24826
24833
24835
24812
24808
24788
24814
24791
24802
24784
24790
24781
24809
24789
24786
24792
24787
24813
24811
24782
24783
24807
24785
24758
24779
24774
24764
24766
24776
24780
24763
24777
24765
24773
24754
24756
24759
24752
24753
24757
24775
24772
24755
24739
24750
24742
24749
24735
24732
24743
24734
24745
24746
24747
24751
24736
24748
24741
24737
24733
24744
24738
24740
24730
24729
24711
24726
24727
24723
24721
24724
24718
24720
24725
24709
24716
24728
24731
24708
24717
24722
24710
24712
24679
24693
24691
24684
24715
24694
24697
24713
24704
24692
24714
24675
24690
24687
24696
24705
24707
24688
24695
24678
24660
24656
24655
24658
24669
24659
24654
24672
24667
24673
24661
24676
24671
24674
24666
24670
24657
24663
24653
24662
24622
24644
24651
24645
24643
24627
24628
24650
24621
24623
24648
24642
24624
24646
24630
24629
24652
24626
24647
24649
24613
24606
24605
24603
24593
24597
24591
24607
24594
24604
24620
24608
24602
24592
24619
24616
24590
24618
24595
24617
24586
24582
24577
24575
24583
24588
24568
24584
24581
24570
24572
24580
24571
24585
24573
24574
24569
24587
24579
24578
24566
24555
24564
24556
24565
24557
24548
24550
24549
24544
24561
24562
24547
24552
24553
24546
24545
24563
24551
24567
24532
24531
24527
24525
24521
24524
24533
24523
24542
24529
24538
24534
24526
24520
24522
24539
24537
24536
24530
24528
24513
24516
24507
24505
24506
24518
24515
24511
24497
24500
24517
24508
24509
24510
24514
24501
24512
24519
24499
24504
24452
24470
24455
24473
24471
24469
24447
24451
24467
24488
24468
24475
24485
24476
24496
24474
24449
24453
24472
24454
24444
24423
24445
24431
24437
24443
24441
24438
24435
24436
24448
24442
24434
24433
24440
24426
24424
24446
24432
24540
24402
24409
24407
24414
24405
24408
24410
24418
24415
24425
24406
24412
24411
24422
24404
24419
24416
24420
24413
24417
24365
24390
24393
24385
24363
24367
24368
24380
24387
24392
24401
24364
24381
24386
24366
24391
24384
24382
24369
24383
24333
24361
24330
24340
24342
24350
24359
24339
24355
24362
24329
24332
24337
24338
24341
24335
24334
24358
24360
24356
24322
24323
24313
24327
24326
24318
24304
24325
24312
24324
24320
24319
24317
24306
24328
24336
24315
24321
24311
24314
24301
24282
24286
24272
24285
24292
24293
24291
24287
24298
24303
24295
24289
24294
24288
24296
24297
24290
24284
24280
24283
24254
24267
24241
24248
24258
24265
24257
24256
24242
24251
24255
24239
24252
24249
24266
24253
24240
24264
24263
24237
24234
24212
24196
24221
24191
24235
24238
24213
24236
24233
24224
24232
24203
24228
24230
24174
24209
24211
24222
24162
24159
24165
24148
24157
24154
24153
24161
24136
24160
24158
24147
24152
24164
24149
24163
24151
24156
24155
24150
24128
24095
24096
24098
24100
24099
24108
24134
24092
24091
24132
24094
24127
24089
24093
24090
24088
24097
24133
24135
24074
24063
24078
24072
24087
24062
24086
24083
24065
24084
24085
24076
24079
24064
24081
24075
24073
24082
24077
24061
24051
24045
24052
24056
24046
24042
24040
24060
24055
24053
24044
24054
24059
24041
24047
24058
24049
24048
24057
24043
24028
24034
24027
24025
24038
24024
24029
24020
24035
24022
24036
24031
24037
24039
24030
24023
24032
24026
24033
24021
24005
24007
24003
24019
24018
24015
24011
24013
24017
24000
24002
24006
24009
24016
24004
24012
24001
24014
24008
24010
23981
23996
23994
23999
23986
23987
23998
23990
23985
23993
23988
23983
23997
23984
23989
23982
23995
23978
23991
23980
23972
23971
23964
23967
23969
23959
23963
23962
23957
23965
23976
23975
23966
23968
23958
23961
23974
23977
23973
23960
23953
23939
23955
23943
23948
23942
23949
23956
23951
23938
23946
23940
23945
23952
23941
23947
23937
23954
23944
23950
23926
23923
23934
23925
23921
23919
23918
23935
23933
23917
23936
23931
23924
23922
23932
23928
23920
23930
23929
23927
23911
23913
23916
23901
23905
23898
23899
23907
23903
23909
23894
23910
23897
23908
23914
23902
23915
23896
23906
23912
23895
23889
23875
23891
23887
23890
23876
23882
23888
23884
23879
23885
23886
23877
23878
23893
23892
23881
23880
23883
23858
23863
23872
23870
23868
23865
23860
23864
23859
23856
23866
23854
23867
23871
23857
23862
23874
23873
23869
23861
23855
23834
23852
23837
23846
23850
23843
23838
23835
23849
23851
23840
23847
23845
23841
23842
23836
23839
23848
23844
23820
23822
23818
23829
23817
23825
23826
23830
23824
23831
23819
23833
23823
23821
23815
23828
23827
23832
23814
23816
23806
23803
23801
23804
23810
23794
23805
23797
23809
23796
23813
23795
23812
23811
23798
23793
23799
23800
23802
23807
23788
23792
23774
23777
23776
23789
23780
23783
23784
23775
23773
23790
23779
23791
23782
23787
23781
23786
23785
23778
23765
23763
23769
23752
23756
23754
23757
23764
23753
23768
23767
23760
23771
23758
23759
23762
23772
23761
23755
23766
23739
23733
23737
23735
23736
23750
23749
23734
23738
23742
23746
23743
23740
23745
23732
23741
23748
23747
23751
23744
23725
23728
23731
23712
23719
23730
23726
23717
23723
23727
23729
23724
23720
23722
23721
23715
23716
23718
23714
23713
23711
23701
23695
23692
23693
23707
23697
23700
23694
23708
23706
23710
23699
23709
23704
23698
23702
23703
23705
23696
23691
23690
23680
23673
23670
23675
23689
23684
23687
23678
23686
23674
23679
23676
23671
23688
23685
23672
23681
23682
23651
23650
23665
23661
23657
23664
23656
23663
23666
23654
23652
23669
23660
23658
23659
23667
23655
23662
23668
23653
23647
23631
23634
23643
23633
23637
23645
23642
23629
23648
23646
23649
23639
23632
23640
23635
23641
23630
23644
23636
23609
23619
23617
23613
23623
23618
23624
23622
23638
23616
23621
23627
23614
23612
23628
23626
23615
23625
23611
23620
23592
23593
23604
23594
23596
23602
23599
23597
23607
23605
23591
23590
23601
23606
23603
23610
23600
23608
23595
23598
23574
23573
23582
23581
23584
23585
23579
23578
23583
23575
23572
23580
23577
23587
23570
23586
23571
23588
23576
23589
23554
23567
23566
23556
23569
23552
23557
23553
23551
23562
23565
23560
23568
23561
23555
23564
23563
23559
23558
23550
23542
23531
23536
23543
23538
23540
23532
23535
23539
23545
23546
23548
23537
23530
23549
23544
23547
23541
23533
23534
23522
23517
23513
23521
23512
23509
23529
23518
23527
23520
23508
23526
23510
23511
23519
23528
23516
23514
23515
23525
23506
23493
23495
23504
23500
23503
23496
23490
23492
23499
23507
23505
23494
23491
23498
23489
23502
23501
23488
23497
23476
23478
23472
23469
23485
23470
23479
23474
23475
23484
23468
23471
23481
23480
23487
23486
23483
23477
23473
23482
23454
23453
23464
23455
23460
23449
23467
23462
23466
23450
23457
23459
23458
23456
23448
23465
23461
23463
23451
23452
23430
23429
23437
23432
23442
23431
23441
23440
23438
23446
23435
23445
23447
23433
23443
23444
23439
23434
23436
23428
23408
23410
23417
23409
23419
23424
23412
23427
23422
23411
23418
23414
23421
23407
23425
23413
23426
23416
23415
23423
23392
23398
23388
23401
23400
23399
23387
23405
23393
23390
23402
23394
23404
23406
23397
23396
23391
23386
23395
23403
23374
23377
23383
23380
23382
23384
23385
23376
23378
23379
23364
23375
23372
23370
23367
23365
23371
23369
23381
23366
23349
23363
23347
23357
23353
23351
23354
23359
23355
23344
23352
23345
23358
23348
23368
23346
23356
23362
23361
23360
23343
23327
23323
23340
23341
23338
23329
23325
23337
23326
23339
23334
23324
23335
23336
23333
23332
23331
23330
23342
23309
23319
23303
23311
23300
23320
23305
23315
23321
23312
23316
23314
23317
23307
23318
23302
23304
23313
23322
23310
23282
23297
23289
23293
23281
23285
23290
23287
23299
23283
23295
23298
23294
23292
23288
23284
23301
23291
23296
23286
23268
23274
23266
23277
23262
23279
23276
23275
23272
23263
23271
23280
23267
23264
23273
23270
23278
23265
23269
23261
23252
23260
23258
23245
23243
23250
23257
23253
23249
23251
23244
23259
23247
23246
23241
23242
23254
23248
23255
23256
23231
23224
23240
23226
23239
23223
23220
23229
23235
23228
23222
23227
23225
23237
23232
23236
23238
23233
23230
23234
23208
23212
23219
23218
23214
23203
23213
23215
23205
23207
23201
23217
23204
23202
23210
23216
23206
23209
23211
23221
23186
23199
23192
23194
23184
23188
23196
23200
23197
23182
23189
23180
23187
23191
23185
23195
23190
23181
23183
23193
23173
23161
23174
23168
23166
23178
23179
23175
23165
23170
23163
23164
23177
23167
23172
23171
23176
23162
23169
23350
23151
23159
23148
23154
23155
23160
23153
23139
23149
23145
23146
23157
23141
23143
23150
23142
23158
23152
23144
23156
23128
23131
23133
23136
23147
23138
23124
23123
23130
23126
23121
23127
23132
23137
23140
23122
23120
23134
23129
23125
23107
23111
23118
23119
23109
23101
23112
23116
23105
23103
23114
23100
23110
23104
23117
23115
23108
23113
23099
23102
23097
23091
23087
23079
23078
23086
23084
23077
23093
23085
23096
23088
23081
23090
23089
23094
23092
23082
23083
23098
23063
23072
23058
23075
23074
23071
23060
23057
23067
23073
23076
23068
23066
23070
23061
23064
23065
23069
23062
23059
23055
23048
23045
23042
23040
23043
23053
23046
23056
23051
23044
23050
23041
23052
23054
23036
23049
23039
23037
23047
23026
23032
23025
23028
23022
23029
23019
23023
23031
23033
23024
23020
23027
23030
23018
23034
23016
23021
23017
23035
23001
23013
23008
23004
23007
22999
23009
23014
22998
23011
22996
23000
23006
23012
23003
23005
23015
22997
23010
23002
22979
22990
22988
22995
22994
22981
22984
22975
22985
22977
22983
22992
22987
22980
22978
22991
22982
22989
22986
22993
22974
22968
22960
22969
22971
22958
22961
22963
22972
22966
22954
22967
22970
22956
22959
22962
22965
22964
22955
22973
22937
22944
22942
22957
22936
22946
22943
22938
22941
22934
22947
22945
22948
22952
22939
22949
22950
22940
22935
22951
22924
22926
22931
22927
22919
22933
22929
22925
22932
22914
22923
22922
22930
22915
22921
22928
22918
22917
22920
22913
22907
22905
22904
22910
22911
22892
22893
22909
22900
22895
22902
22906
22912
22901
22908
22898
22899
22897
22903
22896
22888
22885
22869
22890
22873
22883
22871
22881
22874
22889
22884
22880
22872
22875
22886
22877
22891
22876
22887
22878
22864
22857
22865
22856
22850
22852
22854
22860
22853
22861
22862
22849
22868
22863
22855
22858
22866
22851
22859
22867
22843
22839
22835
22836
22847
22848
22845
22841
22831
22837
22829
22844
22832
22840
22834
22838
22833
22846
22842
22830
22812
22828
22827
22814
22826
22824
22815
22818
22817
22820
22811
22819
22825
22823
22821
22816
22809
22822
22813
22810
22807
22798
22792
22806
22808
22801
22796
22802
22805
22789
22800
22804
22791
22793
22790
22799
22803
22794
22797
22795
22776
22787
22775
22782
22779
22784
22770
22788
22772
22781
22771
22785
22774
22773
22780
22769
22778
22783
22786
22777
22768
22759
22757
22766
22753
22755
22762
22764
22758
22767
22752
22763
22765
22761
22756
22754
22760
22751
22750
22749
22728
22735
22744
22734
22745
22737
22746
22738
22736
22733
22729
22742
22747
22732
22743
22730
22739
22741
22740
22748
22712
22724
22721
22726
22716
22727
22723
22714
22709
22722
22717
22719
22713
22725
22731
22711
22715
22718
22720
22710
22690
22704
22708
22695
22705
22694
22692
22691
22707
22703
22689
22697
22700
22699
22696
22693
22706
22698
22702
22701
22687
22677
22679
22681
22672
22688
22670
22669
22680
22686
22683
22682
22685
22675
22684
22676
22673
22674
22671
22678
22663
22661
22665
22664
22662
22651
22660
22653
22666
22650
22652
22659
22648
22654
22667
22668
22655
22656
22658
22657
22643
22637
22629
22645
22636
22646
22634
22642
22630
22647
22641
22635
22632
22649
22639
22638
22631
22644
22640
22633
22626
22624
22613
22625
22618
22621
22628
22622
22617
22615
22609
22614
22616
22627
22620
22611
22612
22619
22610
22623
22588
22601
22596
22593
22598
22606
22589
22608
22607
22590
22600
22595
22603
22599
22591
22594
22605
22604
22592
22597
22581
22574
22582
22584
22586
22568
22578
22577
22569
22570
22579
22587
22585
22573
22575
22571
22580
22576
22572
22583
22567
22562
22555
22564
22551
22563
22557
22565
22549
22566
22558
22554
22552
22550
22559
22556
22561
22553
22560
22548
22536
22541
22531
22602
22537
22534
22545
22540
22543
22530
22533
22546
22539
22542
22538
22544
22535
22532
24872
22547
22517
22523
22516
22526
22519
22529
22514
22524
22525
22528
22513
22512
22510
22520
22522
22509
22527
22518
22521
22515
22491
22493
22505
22504
22490
22501
22499
22506
22496
22511
22500
22503
22492
22495
22507
22502
22498
22508
22489
22497
22483
22484
22471
22473
22481
22469
24861
22479
22476
22480
22478
22482
22485
22494
22488
22472
22477
22475
22470
22474
22448
22456
22460
22468
22453
22458
22461
22462
22457
22464
22450
22451
22465
22454
22455
22466
22459
22452
22463
22467
22442
22444
22437
22433
22438
22440
22447
22446
22439
22443
22436
22449
22432
22435
22431
22441
22427
22428
22426
22434
22413
22411
22418
22406
22414
22405
22410
22408
22417
22425
22422
22424
22419
22420
22407
22412
22415
22423
22421
22409
22392
22404
22402
22394
22384
22396
22387
22388
22389
22401
22399
22400
22385
22390
22391
22386
22397
22398
22395
22403
22381
22374
22367
22369
22376
22373
22371
22368
22366
22365
22379
22378
22383
22382
22377
22364
22380
22370
22372
22375
22361
22393
24817
22357
22351
22359
22348
22353
22362
22363
22360
22347
22352
22355
24821
22358
22356
22350
22354
24827
22341
22332
22333
22343
22349
22334
22338
22335
22346
22330
22287
22344
22342
22285
22339
22345
22331
22336
22337
22340
22277
22268
22275
22267
22271
22272
22266
22269
22264
22281
22263
22279
22276
22278
22270
22284
22274
22273
22265
22286
22252
22239
22262
22244
22250
22257
22260
22248
22249
22258
22251
22261
22247
22240
22253
22259
22241
22243
22256
22242
22209
22211
22230
22208
22233
22234
22232
22221
22227
22212
22235
22237
22223
22213
22229
22238
22224
22228
22236
22210
22194
22201
22207
22192
22197
22196
22205
22195
22198
22193
22190
22204
22203
22202
22199
22191
22200
22188
22189
22206
22180
22187
22185
22182
22169
22177
22174
22178
22179
22172
22175
22186
22171
22184
22170
22183
22168
22173
22181
22176
22148
22159
22151
22160
22161
22156
22167
22158
22155
22157
22154
22153
22162
22164
22163
22166
22165
22149
22152
22150
22133
22132
22130
22144
22135
22142
22138
22136
22141
22146
22137
22145
22129
22128
22134
22131
22140
22143
22147
22139
22106
22122
22126
22117
22114
22113
22125
22104
22121
22124
22115
22109
22123
22105
22127
22120
22112
22119
22118
22116
22094
22102
22096
22084
22087
22086
22101
22088
22093
22103
22089
22095
22092
22091
22099
22085
22098
22090
22097
22100
22069
22077
22079
22073
22070
22076
22081
22066
22083
22075
22072
22074
22082
22080
22071
22078
22068
22065
22067
22064
22052
22059
22062
22050
22047
22044
22057
22061
22045
22049
22046
22063
22054
22055
22060
22043
22048
22058
22051
22053
24770
22032
22025
22030
22029
22038
22031
22026
22041
22023
22036
22037
22024
22028
22039
22033
24769
22040
22042
22035
22013
22016
22107
22015
24806
22034
22017
24768
24778
22019
22021
22009
22010
22012
22014
24767
22022
22011
22020
22018
22003
22007
24804
21993
22005
21997
22008
22004
22006
24805
21995
21992
21996
22002
21994
21999
22001
22000
21998
24803
21971
21974
21979
21978
21973
21977
21981
21986
21988
21984
21980
21983
21990
21976
21987
21982
21989
21991
21985
21975
21972
21969
24761
21963
21970
21960
21966
21967
21956
24762
21957
21965
21962
21964
21955
21961
21959
21968
21958
21954
21947
21943
21941
21953
21940
21950
21937
21945
21949
21952
21951
24760
21939
21934
21946
21948
21944
21942
22283
21936
21935
21933
21930
21932
21886
24702
21896
21891
24853
21893
21895
21888
21889
21894
21890
21931
21887
24703
21892
24854
21874
21876
21870
21871
21878
24700
21877
21881
21872
21869
21882
21883
21885
21880
24701
21868
21884
21875
21879
21873
21852
21858
21866
24698
21865
24699
21853
21860
21857
21863
21862
21855
21856
24799
21854
24800
21867
21864
21861
21859
21839
21849
21845
24795
24798
24797
21840
21837
21846
21841
21850
21843
21838
21851
21842
24689
21847
24796
21848
24801
21833
21817
21835
21824
21822
21831
21816
21826
21827
21829
21832
24793
21834
21830
21836
21821
21823
21825
21828
24794
21806
21810
24685
21802
21818
21812
21809
21805
21814
21815
21801
21804
21807
21803
21800
21798
24686
21813
21799
21808
21716
21795
21785
21792
21788
21783
24680
21784
21791
24682
21793
24681
21786
21789
21787
21796
21794
21790
21797
24683
24677
21765
21766
21773
21772
21774
21768
21770
21776
21780
21769
21764
21771
21767
21779
21782
21777
21775
21781
21778
21763
21759
21754
21751
21753
21758
21756
22108
21757
21752
21760
24610
24612
22226
24611
21762
24609
21755
22225
21761
21739
21741
21750
21748
21733
21740
21732
21735
21737
21743
21745
21736
21731
21738
21749
21744
21746
21747
21742
21734
21709
21711
21728
21727
21720
21724
24637
21721
22111
21819
21723
21722
21726
21730
21725
21729
21710
21717
21820
21706
21696
21704
21701
24639
24638
21688
21697
24641
22282
21700
21694
21705
21695
21686
21698
21699
21702
21708
21703
21707
24600
21683
21684
21682
21689
21680
24640
21685
21693
21691
21687
21675
21679
21690
21676
21692
21681
24596
21677
21678
21653
21655
21650
21659
21658
21671
21674
21661
21665
21673
21672
27148
21660
21649
21657
24599
21670
21656
21651
21666
21640
21646
21631
21633
21629
21635
24541
21632
22245
21637
21636
21652
21638
21628
21642
21647
21928
21929
21648
21641
21626
21615
21899
21620
21621
21925
21619
21622
21610
21924
21623
21627
21617
21611
21927
21616
21614
21624
21903
24636
21598
21606
21601
24635
21612
21605
21909
21595
22219
21603
21600
21604
21599
21908
21607
21608
24634
24554
21594
21596
21580
21587
21592
21576
21591
21922
21586
24632
21582
21575
21577
21590
21921
21583
24633
21588
24631
21584
21579
21573
21551
21572
21564
21568
21563
21571
21552
21567
21562
21565
21570
21554
22216
21556
21555
21553
21557
21560
24576
21559
21549
21546
21537
21545
21539
21542
21547
21530
21541
21529
21534
21538
24598
21527
21535
21532
22218
21543
21533
24601
21507
21523
21520
21718
21518
21521
21524
21510
21509
21514
21517
21504
24559
21513
21515
21511
21526
21508
24498
24560
21485
21920
21490
21496
21919
21501
21495
21486
21483
24558
21719
21493
22254
21499
21500
21489
21492
21487
21498
21503
21472
21470
21466
21481
21478
21476
24543
21482
21467
21479
21926
21473
21477
21468
21462
21811
21464
21471
21463
21475
21453
21454
21923
21712
21451
21445
21459
21447
21456
21906
22246
21457
21450
21455
21460
22215
21444
21452
21448
21446
21435
21422
21420
21441
21429
21434
21430
21436
24403
21438
21437
21425
21431
21439
21428
21442
21424
21426
21427
21432
21413
21401
21412
21404
21416
21406
21403
21418
21398
21417
21400
21408
21402
21405
21407
21419
21414
21415
21409
21411
21386
21385
21395
21392
24439
21391
21397
21393
21396
21384
22222
21381
21380
22056
21387
21390
21383
21382
21394
21389
21376
22329
21377
21374
21367
21362
21366
21372
22214
21364
21360
21378
21371
21363
21369
21359
21375
21370
21365
21373
21348
21343
21345
21341
21339
21350
21340
21352
21349
21355
21344
21353
21361
21347
24344
21354
21356
21342
21351
21358
24346
21322
21331
21334
21338
21324
21332
21329
24345
21328
21327
21337
21333
21336
21320
21325
21335
21323
21321
21330
21313
21315
21901
21309
21317
21900
21311
21310
21308
21312
21713
24484
21316
21902
21904
21905
24482
24483
21318
21319
21302
21305
21314
21307
21295
21294
21301
24480
21299
24481
21287
21300
21293
24494
21298
22328
21303
21297
21304
24495
21280
24490
21286
21291
21278
21281
21279
21289
21292
24487
24492
21282
24486
21283
21290
24491
21288
24489
24493
21284
24479
21272
21271
24478
21268
21266
21276
21263
21259
21261
21270
21262
21267
21260
21258
21264
24477
21269
21274
21277
21912
21253
21256
21251
21255
21252
21257
21913
21249
21918
21250
21915
21247
21714
21917
21244
24466
21248
21243
24465
24459
24457
21235
21237
24456
21239
21240
24460
24462
21238
24463
24458
22320
21246
21231
24461
21241
21236
24464
21242
24396
22319
21227
21223
21226
22318
21221
21225
24398
24394
21228
21229
24395
21233
22430
21232
24397
21230
21222
21219
21209
21205
21215
24430
21213
24399
21220
21216
24400
24429
24428
21210
24427
21218
21206
21207
21211
21217
21208
21212
21201
21191
21198
21715
21196
21190
21910
21200
21188
21189
21192
21193
21199
21202
22322
21195
21911
22217
21197
21204
21181
24376
21178
22321
21186
21174
24375
21177
21179
21176
24372
24371
21187
21173
21175
21172
21185
21180
21182
21183
24374
21166
21167
21171
22327
24353
21162
24379
24351
22325
21164
21168
24349
21163
24378
21169
24352
24354
21161
21170
22297
21154
24268
21151
21160
21157
24275
24347
24348
21149
24357
21148
21158
21153
21150
24343
21159
21156
22291
21152
22292
21138
21125
21146
21136
24270
21137
21142
21145
21135
24273
21141
21143
21147
24274
21127
21134
21140
21139
21126
21122
24308
22288
22304
21121
24302
24450
21119
21132
21123
24300
21898
24309
21117
24299
21120
24307
24310
21133
21118
21618
24247
21115
21116
21613
21131
21609
24244
24245
21625
22317
21129
21644
21630
21128
21639
24246
21130
21634
21643
24243
21593
24269
24229
24250
21578
21569
24271
21589
21585
22293
21602
21597
24316
21548
21581
24279
24276
24278
24281
24226
22231
21566
24231
21561
24227
24220
21550
24259
21558
21544
24219
24277
22311
21531
24261
21540
24260
24225
24262
22298
24223
24179
21497
24173
22300
21512
21502
24183
21525
24180
21519
21494
24172
21516
21522
21506
24170
21528
24176
24177
24181
21491
24171
24217
24168
24218
24215
22312
24169
24167
21484
24175
24216
21469
24182
24178
24166
21488
21480
24208
24131
24202
21461
22296
24204
21465
24206
24214
24130
24114
24207
24210
24129
24205
21474
21443
22429
21458
22314
21423
24106
24103
21421
24115
22324
24101
24112
21449
21433
21399
24110
24107
24109
22307
24113
21410
21440
24104
24102
21368
24190
24189
22295
24071
24067
24070
21306
22313
24066
24195
24068
24188
21357
22299
24069
21346
21379
24184
22294
21234
22308
21245
24187
22310
21214
22301
21275
21265
21326
21224
21285
24201
24200
21296
24198
21203
22309
21254
24186
24146
24185
24199
22302
24192
22303
21165
22316
22315
24194
24142
21184
22289
24143
21194
24141
24145
24193
24197
24144
22305
21124
22306
24140
24370
24137
24139
24138
24118
21574
21114
21938
24126
21536
21155
22290
24117
21144
24119
24373
24124
24122
24116
21505
24123
22326
22323
24377
24125
24080
24120
24121
22280
